201008778
200904043
200913598
200903920
200204329
200808764
201018579
200923225
200823201
201008125
200815132
200826915
200832988
200918860
201002938
200950269
200831675
200628485
200812170
201024643
200419125
200836518
200207256
201108231
200715290
201104235
200833051

200519684
200828218
200716629
200900611
200014041
200708048
200818961
200422327
200703288
200617272
200800522
200813053
200914562
201010725
200706869
200821163
200913994
200915049
200707719
201017811
201119747
201018850
201018272
200636579
200913309
200726248
200719540

200807444
200612364
200726610
200804169
200632594
200728509
200709467
200710630
200900900
200836807
200916393
201100259
200719110
201024221
201024338
200900579
200618551
201007259
200714962
200319382
200810166
200703999
200900876
200717775
201024189
200801298
200730315

200633014
201004611
200712321
200019222
200914265
200821973
200913606
200901486
200812105
201000080
200912434
201009115
200703254
200818268
200833135
200820348
200601581
201008299
200716249
200719219
200916815
201007127
201114087
200524403
200616845
200911402
201105743

200829349
201018181
200811677
200832087
201018678
200911956
201024627
200537520
200211266
201132662
200727311
200915528
200901734
200700102
200632263
200802486
201005436
200701670
200807873
200812402
200817682
201018355
200823961
200800894
201008695
200734473
200803641

200707321
201109014
200710531
200834893
201019023
200824936
200810703
200800373
201000197
200731313
201008943
200729887
200821569
200805711
200915023
200713253
200811115
200513695
200735108
200319564
201006293
200918209
200807220
201018017
200102945
200823433
200513570

200917854
201025269
200228690
200636546
200912954
200913127
200628410
200814697
200901288
201001450
201166593
201018298
201018256
201140389
200809622
200821908
200815033
201017969
200811503
200629608
200918043
200800910
200911865
200825578
200415347
201008984
200919405

201011137
200700961
200822633
201001757
200830974
200804540
200836708
200915304
201018553
201002656
201025558
200850220
200418176
200807063
200830362
200634467
200726396
200813301
200810554
200703031
199721879
200913291
200912913
200900686
201024387
201123721
200124451

201113204
200919215
201009610
200919280
200809770
200704831
201020971
200822914
200605459
201152657
200900959
201118347
200902054
200732204
200732717
201017894
200847408
200805232
200805471
201102081
200608461
200808129
200423994
199404013
200803484
201025251
200627362

200816577
201002201
201001492
200529238
200900975
200919991
201018710
200636298
200918340
201008455
200705119
201008992
200901544
200716884
200506830
200730364
201007598
200805489
200424018
200827897
200901742
200807006
200807733
201017803
201005493
201006756
201024072

201017647
200827665
200801843
200836047
200709145
200805257
200850485
201000023
200711414
200802163
201123839
201000593
201018082
201018751
200810125
200823664
200915403
201018843
200211878
200808434
201019064
200505055
201009123
200801132
201115184
200849925
200703585

200804557
200400091
200812444
201025384
200726560
201018132
200919850
201102932
201113999
201134914
200800779
200818227
200724573
201008547
201017639
201020492
201000361
200911659
201003423
200833242
200514750
200818987
200405496
201129472
201018462
201018470
200901163

200803070
201018876
200424547
200809564
201017829
201021151
200915213
200826709
200709954
201118718
200628386
200519114
200714061
201107957
200002384
200738045
201024379
200917987
200515252
201123016
200505279
200829992
200830255
200819274
200829307
200831741
200804623

200727485
201131829
200710846
200609964
201007366
200422400
200901221
200834224
201009412
200608628
200815892
200801561
200920197
200911303
200701076
200416600
201000551
200828119
200901676
200610236
200537579
200708030
201005089
200805034
201004306
200916468
200912863

201113322
200912483
200916609
200720092
200810422
200730059
200629889
201165329
200724599
201001435
201008885
201009511
200727626
200635944
201145206
201003209
200613214
200714244
200504108
200711653
200800993
200320208
200811610
201024015
200718674
200726735
200615946

200804409
200818755
200919496
200813814
200903813
200919686
201018892
201003381
200828267
200712610
201017845
200726693
201118387
200913804
201009826
200719409
201025319
201005741
200804896
200803716
201009081
201006426
201024239
200828952
201017696
201017498
201024825

200811628
200632131
200524338
200522688
200918191
200822104
200619799
200707594
200727543
201118093
200900629
200911451
200628980
200800803
201005196
200901585
200808392
200912889
201121645
200804466
201145050
201009016
201000627
201131505
200717130
200730554
200901445

201109192
200802429
201003100
201165407
201154635
201008711
201013166
200622694
200728517
200919611
200801173
201009321
201152256
201001286
201016235
201004728
200916377
201107585
200836054
200916666
200626786
201003373
200701837
200901890
200836237
200400513
200919744

200734499
200950186
201011343
200950178
201005394
200819852
201006897
200911618
200823151
201018116
200800589
201025343
200723484
200815231
200901098
200834349
200912392
200627388
201008430
200900819
200614550
200900264
201003035
200802718
200725646
200803633
201018322

201008877
200809135
200820181
200918720
200901882
200915395
201003415
201007820
201003712
200914612
200950194
200901189
200733863
201107761
200918068
200706265
200423424
200836633
200730737
200800472
200817708
201017720
200900058
200732428
201018918
200705739
200911220

201128932
200709301
201008513
200913838
200916757
200917896
200831642
200900645
201007986
201017506
200414019
200914141
201116770
200600716
200805216
200707867
200901031
201019346
200900595
200911840
201018264
201007648
200834679
200915908
200823847
201008901
201118964

200904803
201119120
200920189
201018835
200634707
200733756
200916807
200808459
200900892
200733954
200804821
200733590
201001401
200806081
200424083
200707982
200822112
200901577
200607760
200833069
200707842
200816536
200831378
201250065
200803815
200733897
201003944

201003142
200525954
200309102
201139801
200809846
201000239
201104343
201018025
201018348
201018694
201106449
200829042
201025483
200900173
201018587
200529907
200916336
200813558
200733806
200913671
200315075
201004330
200834505
201018637
201141416
200811008
200804763

200913523
200829364
200707610
200722635
201153802
201017886
200726941
201017613
201025038
200806024
200602332
201104568
200702579
201006418
200915247
201050168
201250040
201024361
201005949
200919678
200808855
201001138
201162028
200812279
201007226
200529543
200916484

200901411
200727469
200913382
201021474
200115806
201018520
201150018
200823029
200805190
200827913
200914364
201141955
201117523
200831550
200900090
200830883
201002557
200911972
201003217
200913325
201009487
201008745
201166681
200900652
200722064
201115252
201109102

200832160
200807311
200819217
201007549
200732899
201171419
200728046
200911733
200813830
200601938
201154743
200715852
201001914
200912707
200834158
200917193
201008562
201023108
200914885
201143903
201150180
200422475
200805596
201112980
200831204
200730448
201008844

201003928
200900967
200533511
200726099
201003555
200222982
200107605
200726594
200715910
201009313
200801157
200706281
201115212
201107300
200915353
200803211
201123879
200810737
200817575
201120197
200828382
200820116
201000205
200533958
200828515
200731172
200917284

198901423
200812683
200817153
200835841
200616134
200725216
200808079
201108602
200617157
200916534
200723476
201005113
200901973
200806933
201019189
200823185
200313187
200633436
200820736
200913614
200600799
200512721
200623684
201108369
200802650
200803401
201156360

200801751
200812030
200808285
200801462
200849370
200917136
200732121
200835122
200834687
201007374
200612836
200719326
200914638
200812865
201113763
200702355
200914703
200822765
200819886
200225308
200718369
200709657
200809085
201161518
200817039
201024650
200736494

200822260
200827293
200827624
200515757
200829919
200635712
200724383
201017597
200813475
201114439
200902567
201018157
201128638
200806149
201010634
199704438
201008075
201018959
201114293
200830693
200800555
201171674
200915858
201025467
200704138
200619815
200806032

200219582
201124447
200847986
201112373
200917417
200415933
200902641
200723229
201017878
201105625
200716603
201000031
201007911
200631901
200315091
200828135
200700755
200812022
201000775
200814309
201018785
201005915
200224582
201017977
200912616
200914000
200731107

201116261
200738037
200606697
200828499
200615334
200805026
200702181
200914182
200632669
200836260
200913846
200912491
201005360
200911634
200630143
200728426
200606135
201109905
201018538
201010600
200604239
200710168
200836963
201003571
200814622
201017944
200823409

201109200
200803302
200813426
200716116
200805968
200916302
200720456
200501955
200815934
200816593
200826840
200819605
200916252
200917326
200809515
200208619
200724631
200914893
200902542
201025509
200305084
201105136
200210300
200734135
200304392
200816775
201004397

201123330
200914653
200632735
200705465
201018926
200917334
200708485
200718989
200608321
200903474
200835932
200709822
200915965
200733616
200706406
201011095
200914794
200301471
200731511
200828820
200813350
200318772
200912103
200806891
201104039
200533594
200732683

200900470
200725463
200827954
201023868
200810604
200819795
201025392
200524684
200916849
200803369
200727097
201010337
200720571
201024304
200615136
200517456
200912533
200903045
200849214
200615540
200914620
200803948
201000759
200900272
200823870
200821650
201003894

200107415
200818250
200416444
200809044
200701712
200733186
200610160
200903284
200707065
200524205
201141192
200902732
200818292
201017795
201010048
201003365
200827822
200724672
200726487
200213395
201024817
201010352
201164917
201023892
200813921
200720670
200718575

200903482
200810893
201005220
201008067
200726875
200833762
200416832
201006475
201103961
201129118
200737989
200713246
200913978
200501104
200630309
200849255
201100582
200737864
200832814
200817369
200628873
201126377
200917631
200527273
200735322
200707347
200833481

200722734
200503472
200916658
201011020
200914711
201018819
200714889
200727956
200704633
200811362
200621910
201003837
200913010
201008182
201103236
200404523
200734507
200629400
200834612
200216927
200800753
200415958
201002797
200723583
200801694
201004637
200827517

200831196
201002904
200840676
201001047
200508257
201000452
201112353
201024965
201001484
200912327
201114988
201000643
200603462
201004041
200731180
201005865
200306694
201114576
200849206
200715860
200618460
200305175
200712222
200821189
200814325
200702207
200904068

200717080
200708709
200811388
200506137
201003589
200828010
200714160
200917946
200733749
200914588
200611226
200802734
201132612
201010063
200800647
200720969
200611796
201003662
200611267
201005758
201000932
201008190
200802031
201113919
200903128
201010840
200900132

201050135
200504660
200720688
200728814
200802130
200801629
200827368
200630895
200727477
200720464
201018140
201004934
201018827
200538759
200902716
200620789
201124085
200916773
200424158
200705259
201017407
200805281
200915759
201010972
200125466
200103901
201122722

200821478
200902526
200910685
201100778
200912939
200827475
200821262
200710903
201123164
200402022
200527331
200732659
200602217
200903854
201005667
200902161
200826550
200723633
200735330
200919173
200210342
200806297
200636405
200913457
200911501
201010824
200819670

200827756
201006244
200912970
201019130
200830438
200808038
200513166
200820793
200804904
200716561
200914331
200811339
200914034
201024882
201143973
200825727
200807790
201008588
200914877
201002433
200814523
201023504
200819399
200902039
200511483
200820801
200607893

200729895
200713782
200520773
200505105
200619476
201010113
200701183
200631778
200611234
201001245
201011178
200717924
200501666
201010097
200623932
200803419
200903557
200519148
200800670
200410827
200818714
200733038
200736452
201024569
200512481
201117827
201001351

201006301
201007101
200720175
201018488
201006798
201010618
200422582
200834174
200535466
200800464
200912269
200911436
200802692
200801660
201000213
200816445
200536704
201101326
201106469
201156066
201001948
200611424
200902799
200412625
200716579
200424166
200732568

201100229
201000973
200419208
201018199
200902989
201120471
200900447
201147038
200902211
200727394
200832376
200833291
201005204
200513026
200808046
201001708
200804367
200901999
200809051
200631844
200820165
201017472
200812618
200912715
201010881
200528552
201009818

200805018
201113038
200524262
200813897
201011707
200700565
200625713
200902823
200633816
200902120
200850204
200825057
200913259
200902393
200913317
200703346
200701357
201103579
201000148
201000130
201010147
200902500
200803492
199514985
200805638
201009925
200510592

201007580
200724219
200819068
200526556
200802924
200702306
200820363
200719417
200915593
200729101
200809457
201010550
200914778
200914133
200517373
200730042
200631299
201107575
200823102
201000916
200518835
200917516
200912335
200716298
200835817
200727451
201129833

201136992
201133985
200732055
200903755
201130634
200513935
200835445
200813517
201001849
201024940
201024619
199702473
200827533
200606226
201113635
200804748
200902906
200817252
200903342
201127923
200627396
200828077
200817518
201024213
200916286
200811404
200902427

201135042
200815207
200914349
200808905
200622678
200826154
201121587
200727733
201003019
201018603
201024049
200802239
200629368
201018561
200702330
200836856
201101815
200803179
200808111
200611002
200919231
200902377
200824258
201000700
200601698
200829778
201019080

200510642
200917318
200917524
200538502
200624062
200700714
200913093
201002854
200912509
200729226
201002508
200315232
201011160
200919538
200913424
201250016
200517472
201017605
200917763
200850055
200618759
201000783
200826782
200913341
200618361
200812162
201018736

200613198
200808426
200635217
200010403
201006574
200305282
201114908
199905514
200801363
200819340
200507564
200608859
201005253
200916971
200826923
200617074
200848075
201101923
201017936
200715829
200825859
200813848
201025426
201017712
200832368
200817393
200502409

200808830
200819951
201140976
200902278
200913960
200716959
200833580
200920007
200616522
201018967
201018223
201131164
200615219
200801769
200802619
201025236
201123869
201018801
201024353
200731990
200807758
200807089
200833002
200529766
200734614
200208759
201025285

201005451
200818458
201018702
200901957
200504389
200731354
200826964
201018108
200913721
201010691
200919546
200911139
200914810
200527836
200816460
200810448
200809630
201018405
201011327
200728715
200631638
201018280
200902724
200836203
200810802
201146558
200511194

201001872
201006590
200834109
201122958
200320083
201000510
201005121
201018975
200915189
200903052
200820959
200517845
200719193
200811107
200813632
200831907
200837326
201011012
201102992
201005931
199725375
200803997
201105186
200902229
201000114
200806966
200803310

200914018
200901353
201018934
200834752
201024924
200633790
200828507
201017522
200725224
200725588
201117426
201157632
200525426
201025327
201023884
200805703
201010311
200834372
200802478
200831808
200913663
200629616
200500361
200807121
200705887
200815546
200827442

200732238
200812303
200822179
200818367
200701274
200816114
200731255
200731495
200734127
200803237
201010394
200903268
201024064
200915973
200611663
200633279
201165045
200817971
201017779
201024528
200835874
200831493
200923209
200912665
201129432
201010253
201002706

200835684
201131937
200604049
200703973
200502789
200807667
200912780
201103128
200503621
200733012
201153892
200846111
200917375
200821023
200825024
200902112
201018306
201109621
200833812
200502086
201018728
200636157
201025210
200709384
200309896
200602225
201017910

200820272
200416006
200619237
200918456
201018546
200719060
200832806
201007697
201010782
200842664
200827848
200604270
200827863
200600997
200813574
200507911
200628089
201008604
201023959
200712677
199720269
200824969
201160627
200902419
200913200
200802411
200707578

200726081
200319630
201122586
200835718
200819621
200903748
201001559
200817484
200902070
200848471
201114664
200811081
201004124
200826261
200815314
200906006
201017449
200307759
200912566
201001575
200715647
200825677
200902476
200820231
200814044
200912368
200915692

200902328
201018389
200715324
201018397
200510527
200821718
201105058
201008026
200623205
200811917
200611291
200911907
200920080
201138363
200808798
200826188
200837292
200913853
201024544
201023843
200719870
200124618
201005485
200834067
200719714
201019932
200950145

200836294
200830206
201106634
200905438
201024833
201020625
200835916
201164320
200950491
200727378
201019551
200904365
200706174
200904209
200850147
200808095
200728020
200810638
200827400
200828358
200218766
200919181
201019866
200809747
200914984
200504058
200504041

200717064
200604569
200704096
200727071
200534980
200222354
200904597
200713394
201010709
201128365
200920288
200834661
200915866
201020393
201124642
200829513
200918977
200833655
201000601
200915536
200704252
200918548
200912442
201023918
200706455
199905670
200632073

200910917
200823649
200634889
200715738
201002037
200832467
200809150
200915700
201019916
200205516
200922219
201121156
201005576
200915270
201024056
200915957
200809184
200733368
200818136
201020104
200414274
200724193
200910420
201003308
200900363
200818052
200816239

200914729
200920221
200509065
200814739
201115741
200725794
200733152
200626208
200913648
200805992
200809614
200914166
200828531
201103559
201002748
201107613
200825891
200819142
200817898
200918092
200914604
200538403
201107006
200802882
200315315
201050291
201124652

200718823
200916211
200905628
200810331
200416998
201025111
201019528
201019445
201172202
201023819
200912962
200814762
200814770
201107977
201158094
200950327
200820835
200725315
200519643
200904621
200505998
200917805
200812717
200732774
200636215
200708428
201164693

201014206
201150026
200808673
200636561
200636264
200114890
200731081
200833036
200819985
201104019
200832913
201007051
201019965
201011202
200913275
200812592
199723131
200415263
200717726
200801199
201022902
201004553
201102982
200728244
200714905
201002235
200806263

200627461
200813665
201005717
201129492
201167768
200916542
201128854
201159816
200732311
200920064
200728079
200828564
200903862
201147881
200905099
200716793
200605285
200633659
200620854
201119875
200712040
201012028
200408714
200536431
200522621
200904522
201019809

199511486
200701878
201129529
201019635
201018207
201006822
200836799
201011954
200813624
200750644
200725372
200550382
201024031
200808376
201115819
200509263
201006350
201020609
201001005
200625572
200804722
200701787
201019619
200540599
200831568
200818003
200701720

201103108
200810828
200829612
200019016
200828200
201019825
200216836
200905073
200914760
201006145
200406411
200904571
200729069
200919835
200904076
201113733
200904761
201126562
200723542
200912400
201005295
201002375
201107408
200702694
200819381
200822559
200726495

200632826
200714137
200537504
200701738
200112316
200905941
200837433
200705440
200225464
200701555
200810372
201125476
201021466
200630127
200905495
200913002
201123468
200914448
200835858
200916161
200608925
200613446
201021029
200919876
200122323
200813327
201141887

201008059
201019270
200904027
200826634
200404648
200920205
201134542
200502904
200915643
200825008
201117905
200708154
201003670
200406437
201126249
200621290
201020062
200621183
201115292
200950301
201100093
200514354
201154440
199909151
200103141
200825669
200225480

200729432
201002268
200904589
201020336
200730299
201154909
200722775
200608156
200221745
200835486
201012598
200808384
200727584
200916062
200830289
200818037
200604064
201008117
200821312
200616332
201012812
200813343
200723906
200833267
201024171
200515013
200912699

200729143
200919645
200905586
200708378
200117653
200601326
200720639
201019742
201011830
200819019
200807204
200914935
201011962
200903995
200609279
200816981
200904118
201007218
200627305
200810356
200706331
200916096
200713329
200911568
200736502
200619245
200718807

200817617
200704088
200604221
200917839
201114800
200906501
200829299
201141102
200912525
200834711
200424190
201000544
200806552
200912426
200905867
200919223
200721041
201149114
200515781
200919603
200605186
200905248
201000841
201014347
200836682
200917680
200801116

200602936
201130449
200726180
200829174
201002672
200700052
201160000
200700664
200702678
201106536
200315323
200712123
201004496
200817989
200809556
200813657
200704898
200913135
200731412
200526564
200527265
200706208
201102902
200950632
200912632
201171949
200828473

200709640
201114007
200514065
201124750
200702769
200912772
200809473
201000122
201020559
201019759
200713402
200719078
200712362
200814614
201000908
200627354
200812667
201162949
200917144
200816551
201005634
201003399
200731529
200726644
200913556
201023223
200410462

201011988
201008497
200623577
201020047
200917656
201154470
200815587
200807832
200911386
200905081
201100620
200922144
201102335
200410470
200811180
200905594
200422715
200824662
200915130
200850519
200915734
200604247
200918480
200827210
200601342
200708717
200633865

200635993
200712206
201002185
200831022
200823383
200506020
200827764
201006988
201001617
200950046
200904399
201000965
200912756
200807154
201109857
201137050
200732691
200905800
200726362
200837367
200804870
200915544
200216141
201020401
200727329
200518587
200810323

200616282
200813392
201000379
201121801
200600922
200800043
200726040
200818334
200904225
200901312
200734754
200915510
201025376
200734861
200730497
200833259
200728210
201004561
200711968
200807824
200904001
201171972
201004603
201012150
200904563
200915841
200613735

201017373
200912095
200534816
200716199
200711778
200914596
200814077
200920213
200914414
200717023
201023967
201109142
201020708
201003449
200809499
200807469
199718461
201008174
200623536
201118856
201001104
200805877
200914679
201106576
200809994
200516078
200915833

200817344
200816478
201019437
201020443
200717098
200815975
200819480
200700813
200918985
201164340
201024163
201000098
201153401
200733020
201025533
200733517
200919389
200836864
200800613
201007630
200905958
200604882
200917359
200515724
200723385
201103432
201006095

200818664
200122372
200702447
200822450
200828176
200705846
200830545
201020575
199806183
200315331
200701480
201113851
201012408
200710077
201003597
201102129
200825719
201006608
201162352
200727402
201003464
200913481
201101845
201172087
200901452
200712230
201145795

200827525
200713220
201008000
201020187
200837847
200906014
200916914
200709095
200722379
200724623
200414357
200904993
200914570
201020005
200809333
200823003
201023983
200906089
200914547
200825982
200834596
200730034
200604908
200623619
201131252
200422186
200916047

200918001
200731404
200532604
200618478
200629699
200904902
200722437
200912228
200827830
201120616
200730430
201003902
201112578
200918076
200915148
200605541
200827426
200422764
200805505
200904936
200726420
200623502
200912475
201001542
200719649
200728822
200812410

201001930
200733533
200711836
200815140
200828259
200914059
200738029
200915346
200801330
201171830
201002664
200506954
200716934
200731438
200904282
200828796
200807386
200915262
200815983
201117691
200904860
200801892
200110286
200912855
200918472
200914323
200919629

201172145
201019387
200913911
200508695
200835742
200312460
201017761
200500775
200809374
200723278
200910636
200714418
200726529
201020591
201001112
200849362
199514803
201020633
200905172
200820355
200829067
200816700
200816635
201020534
200914943
201009834
201160286

200808707
200518413
200725091
200823615
200535847
200750545
200704401
200117679
201021458
200607414
201145765
200824167
200806826
200609212
200847754
201129206
200916948
200831055
200606259
201121450
201050234
200802825
200911550
201014487
200636462
200811537
200800118

201001906
200905784
201007762
200911725
200905511
200809432
200007961
200834307
200903896
200804292
200508125
201025194
200824266
200904456
200805679
200812329
200904084
200420040
201107252
200420826
200522357
200814630
200720621
200708774
200810620
201005626
200719888

200724581
200913473
200916674
200418861
200708592
201021441
200912459
200809648
200716876
200913234
201011996
200535748
200729788
200837953
201138588
200424232
200806420
200802320
201004413
200720738
201012077
200700417
200700433
200913713
200738128
200913937
200512234

200920338
200606853
201020427
201019676
201020914
201006327
200706885
201012499
201119639
200817872
200805133
201020278
200812956
200711620
200717270
200607927
200605640
200702165
201008653
200913432
200913879
201019247
200803005
200825438
201145168
201156899
200818128

200904019
200604395
200513075
201024718
200918738
200817187
201012044
200519247
201006707
200904191
201001146
200821627
200840106
200813939
200735082
201143424
200513208
200850675
200903870
200834554
200833218
199822032
201008422
200635118
200718831
201011715
201100033

200915429
201162480
200710614
201005774
201019239
200411809
200711547
200913267
201104784
200728442
201105028
199921370
200608867
200815876
200630101
200913929
200824324
200829638
201019510
200917813
201006715
200532166
200807329
200917789
200805364
201001179
200950319

200601706
200805646
201002219
200914406
200725802
200835429
201006061
200814416
200803534
200833309
201024098
200608883
201005642
200807634
200622876
200629343
201000957
201006434
200919314
201003795
200613826
200729200
201020096
201024510
200634210
200802387
201003431

200632636
201103863
200724607
201102041
200520187
201019841
200915379
200812691
200727535
200713998
200705226
201002698
201020054
200718393
200919488
200803807
201020112
201011392
201006624
200904167
201148820
200912558
200629822
200904217
200817690
200736767
200618320

200606044
200710671
200713238
200815926
200812808
200831444
200615599
200816247
200538015
200607075
200715944
200817724
201001252
201025574
200906097
201153235
201134337
200829968
201005782
201008273
200731115
200422053
199506015
201106762
201003043
200807980
200916245

201113909
200916781
200817633
200820785
200601599
200835940
200412104
201005840
200623411
200913903
201007846
201118073
200806800
200724649
201011251
200819324
200710911
201003506
200618080
201011921
200830677
200628725
200814432
200519049
200919702
201011939
200523512

200905560
200712289
201011756
200917557
201007994
201007267
201172244
200850683
201024502
200850097
199910589
200509388
200907608
201000270
200822617
200535243
200700557
200606820
201019205
200915122
200920122
201020302
200718195
201019411
201160256
200627412
200913788

201127571
200733277
200521839
201012283
201136071
200713667
200602738
200601359
200725612
200810794
201123907
201024783
201014263
200420362
200722841
201020583
200817765
200730778
200122463
200502805
200733558
200710507
200524817
200512259
200534501
201005055
200016772

200828036
200832004
201019940
201002276
201007242
201002102
200909430
200804771
200811826
200805653
200919900
200636413
201006806
201107741
200912723
200725893
201006905
200808517
200819092
201001237
200306975
200824472
200911691
201002334
201006830
201014305
200729135

201005139
200701449
200827749
200911899
201007861
200604924
200625424
200950525
200827509
200723500
200916963
201108467
200813749
201005428
201128766
200624385
201024734
201001898
200911915
200835791
200915809
200006146
201050069
200915890
200613743
200912384
200911816

201021045
200503381
200906469
200717932
200918175
200919132
200707958
200917235
200704534
201050200
200914836
201013091
200805539
200723443
200907723
201020070
200732907
200910644
200810240
200511152
200917532
200804243
201146255
200916427
200823011
200217438
200808731

201008638
201019569
200828580
201004272
200622892
201019403
200820637
201172152
201114351
200828341
200623064
200822591
200914307
200914273
200915882
200914802
201005006
201112910
200923142
200906899
201154284
200911352
200730075
200913077
201171722
200915569
201137873

200715993
201019783
200609022
199910894
200605822
200828127
200800761
200913143
200832483
200801728
200915254
201013448
200702215
201024452
200912541
198703035
200706059
201109799
200736411
200915726
200906832
200733467
200833333
200815173
201009586
200504496
200917037

200800423
200733087
200616886
200826568
200907582
200807782
200733129
200914554
200914232
200827384
201020229
200915551
200804656
201171526
200806016
201019213
201112323
200620722
201112990
200726636
200116358
200514107
200632693
200810257
201020195
200919579
200918084

200819209
200316222
200804029
200810711
201114624
201133210
200825107
200906576
201006558
200635704
201024247
200906170
200705028
201129304
201013745
201005923
200613677
200703171
200834257
201128804
201101190
201119316
200809267
200526895
200817500
200607398
200807535

200915684
200829257
200907731
200817286
201024130
201025442
201000528
201023975
200913986
200711463
200733624
200849040
200624021
200607232
201024668
200911444
200730570
200911592
200726586
200813608
200808400
200950343
200518801
200915387
201114634
200734283
200705861

200906683
200907178
200812659
201019304
200414597
200750180
200913374
200719094
201114840
200912053
200919058
200106359
200724656
200915197
200825263
200526499
200604692
200807139
201131613
199818329
200907681
201002995
200919207
200704914
200836328
200820330
200602878

201019791
200811685
200614188
200600518
200617330
201017134
201168835
200917938
200707834
200910792
200733053
201144736
201020500
200725323
200815827
200906204
201122634
200607315
200624518
200911519
200803195
201145080
201150581
201109328
200608537
200804581
200907152

200818839
201019775
201006319
201014164
200730893
200726511
201147989
201007408
200919595
201105234
200913697
200906824
201157926
201020690
200920106
200708543
200631521
200703668
200835387
199814203
200916682
200420917
200712982
201013760
201002011
200906113
201020146

200805273
200816957
199809989
200814937
200906188
201023835
200847028
200800134
198800781
200832616
200608693
201019890
200305860
200906337
200914299
199400516
200906485
200821866
200834844
200917615
200725513
200804177
200723492
200920155
200422913
201152314
201008349

200907640
201019858
201172053
200916088
200700201
200906121
200806222
200917110
200817237
200734267
200727980
201020310
201162557
201008356
200806719
200512556
201007028
200815884
200716454
200916138
201019833
200607984
200906733
200817922
200830446
200906253
200416154

200726008
200807931
200508026
201122820
200807881
200920148
200807337
201130007
200838340
200729036
200913887
200919652
201106175
200907327
200803377
200906634
201024486
200804417
200832434
200019735
200618353
200809408
201106391
200607935
200106383
200913465
201138832

200725257
200802197
200812311
201001302
201013190
200806321
200806610
200113934
200918241
200726461
200725968
200605202
200515336
200728590
200222594
200709079
200732584
200906980
201019817
200422939
200725018
200814051
200731933
200814390
201005311
200612497
201003472

201008463
200800506
200917102
200911576
201014735
200914687
200708139
200911329
201130860
201004215
200916864
200621522
200802015
201020088
200705853
200716280
201138980
201015856
201007507
200808699
200907889
201006269
200419778
201113685
201117368
200710093
201014529

200729309
201020922
201116818
200804839
200813038
201161616
200827996
200409142
200918746
200830081
200817757
200831592
200732667
200830743
200829315
201007614
201005154
200906691
200722791
200836211
200808715
200819993
201025202
200728673
201134307
201019684
201000247

201107124
201021078
201172111
200816619
201020138
200704849
200701563
200616274
200727675
201151668
200912376
200603108
200828291
201104441
201020773
201124241
201109593
200712933
200917573
201016128
200124790
201019734
200816627
201019874
201020286
200820660
201005279

200611531
200719680
200732485
200812923
201101120
201129667
200621639
200831949
200838332
200919934
200906196
200821593
200818540
201020526
200813285
200917029
201144804
200849339
201001583
200606556
200824563
200611853
200735447
200811842
200628204
200800688
201115330

200808061
200913408
201002474
200731552
200605129
200830990
201020567
200125375
200211597
200723203
200912822
199903451
201171283
200805745
200601003
200726065
201152216
200720886
200806057
200608453
200850063
200723245
201000403
200917169
200915411
200805331
200907087

200811875
200832533
201005527
200815264
201112812
201020450
201006400
200919348
200702348
201125308
200422970
201001567
200802056
200700789
200817245
200700326
201019494
200916187
200817666
200832335
200510667
200828093
200730539
200813020
201148105
200805083
200731891

200827483
200803203
200706745
200601474
200704682
200915486
201117847
200812337
200712297
201024478
200731388
200724979
200914786
200424620
200808343
200550101
200911774
201021342
200616126
201013703
201100866
200833366
200305977
201138421
200709004
200806586
200919769

200804474
200608503
201021870
200913242
200837938
200702322
200725562
200911881
200915874
200729408
200907475
200714046
200702561
200614006
201144109
201000569
201013554
200633402
200806768
200703155
201167650
201050044
200707073
200624781
200922300
200827962
200834760

201103981
200520617
200906881
200918035
200801108
201005071
200830701
200732998
199907809
200912301
200915650
200918258
201147234
201003092
201024841
201100856
200919777
201006947
200628519
200619393
200313104
200809762
200729655
200906659
200821403
201118219
200628212

200829984
201008554
200822146
200803880
200917649
200907046
201002789
201001518
200912640
201002466
201120491
201000288
200816411
201005212
200707917
200523314
200821932
200907525
200512424
201006749
200836377
200222610
200726826
201003910
200913069
200829554
201000429

201118101
200918688
200822252
199611450
200534329
201130536
201025137
200809390
200811214
201023603
201023348
200616407
201013398
200703007
200703189
201119501
201120127
200606655
200535235
201005048
200913655
200309334
200519726
200806388
201008232
200711273
201122489

200847374
200607489
200906477
200817526
200911964
200812006
201112666
200809796
200729747
201013331
200808954
200829075
201021722
201120137
200502607
201112872
200806669
201104353
200613628
200629764
201006533
200715613
200906402
200732915
201112333
201002607
201001369

200916179
200705945
200410207
200828440
200610574
201001658
200734358
200713030
201006392
201123819
200830156
200916492
200832905
200911378
201001740
200812907
200711471
201022423
200910115
200916625
200806230
200728558
200913333
200728301
200819613
200513463
201125112

200733244
200845519
200726925
201021326
200528156
200907822
200919975
200701365
200720217
200806693
200818623
200906790
200734465
200916153
200310282
200805075
201008620
201006251
200628287
200512143
200609899
200319044
200728731
201009651
201140780
201000320
200829323

200912517
200817203
200912988
200726750
201022035
200103323
200827335
201168717
200907269
201107997
200736213
201133877
200830164
200808467
201000981
200907483
201103030
201021748
200912046
201134249
201100974
201012705
200814366
201108407
201017860
200513612
201021847

200824621
200627313
201123252
201119619
200509701
200617819
200731958
200915494
201147919
200836450
201014578
200814598
201004983
200713048
201005709
200212603
200512135
200632362
200801645
201004769
200736445
200912004
199717257
200703858
200906626
200703379
201002623

201013570
200806784
200734515
200620359
200537108
200503696
201021508
200629194
200806214
201006889
200219012
200814754
200800282
200800290
201010212
201022456
200650273
200950038
200724565
200828804
201141210
200727592
200807345
200915031
200818276
201013885
200727717

200811255
201003852
201021235
200501005
200527851
201161598
200808145
200917474
200907665
200724680
200918415
200617223
201000858
201002805
200811271
200820942
200818979
200512465
201014321
200827467
201124828
201115408
201101110
201013430
201021524
200917383
200607059

200800886
201020849
200820017
201154038
200816940
200819365
200830537
200911949
201107889
200906642
200811784
200809119
200511814
200714673
200736429
200914117
200412823
200708741
200829836
200906295
200907251
200820702
201021516
200603629
200409357
200847994
201006863

201006632
201024676
200823722
200727519
200836062
200732436
200515138
200915619
200733236
201159083
201136199
200846988
200806446
200824712
200906451
200831956
201013786
200732550
201134111
200635936
200709434
200728772
201022241
200917219
200913150
200614675
200706083

200712644
200711075
201101170
200120806
200116499
200917698
201025020
200906220
200727444
201006764
200822237
200906287
200808319
200914372
200807022
201021938
200914190
201101639
200917185
200801397
201106165
200900140
200107449
200832723
200908150
201003456
200915783

201013836
201014636
200824787
200314771
200505501
200800266
200711232
201156086
200223212
200919637
200914067
200517225
200827780
201112508
200100444
201141857
200916203
200830032
200815124
200535102
200840684
201022753
200735009
200602134
200812972
200829653
200800365

200915163
201103276
200801835
200737948
200900256
200526622
200919892
201103060
200721371
200822443
200805554
200913176
201013893
201000684
200409407
200628014
201002649
200822518
200733046
200715548
200719672
200716538
201021904
200800795
200836575
201022001
200810778

201001443
200907657
200506715
200538155
200733822
201130654
200117919
201106820
200729127
200830339
200532968
200732931
200835312
200712354
200911493
200811131
200914869
200701324
200913507
200100477
201006996
200801165
200907905
200918621
200633451
201150306
200831089

200811651
201004058
201021292
200835163
201007069
200922581
200848067
200919561
200735488
200733061
200804516
200423069
200917078
201141995
201113078
200903847
200823474
200712537
200814952
201005170
201003001
200802171
200916450
200524429
201105881
201024155
200707271

200832442
200407047
200914992
200704864
200817948
200827731
200834828
200916229
200700573
200804730
200622157
200826642
201021169
200916344
200706067
200718732
201000585
200917748
201014685
200609857
200602340
200632412
201006020
201125935
200832954
201168895
199200114

200810588
200918613
200917466
201022704
201002359
200823227
200714921
201022738
200916310
201021094
201024296
200850501
201024262
200712503
200838068
200801744
200919868
200815918
200715282
201012747
201014420
200825479
200816064
201001013
200012938
201011350
201113342

200107183
200836823
200600708
200824977
201000064
200828523
200600591
200816908
200804946
200917979
200906444
200812139
200516557
200915718
200537769
200817179
200836104
200836393
200628352
201014081
200801538
200913440
201024858
201139460
200115160
200635902
200914075

201153930
201100307
200528784
200606804
200526523
198502668
201024890
201021755
201023736
201113547
201002441
200906956
200839090
199910415
201024395
201115242
200717486
201014842
200835320
201025434
201108025
200808871
200605558
201100425
200827673
200821981
200020477

200718401
201171762
200832301
201122654
201012226
201015351
200532703
198002115
200819936
200624864
200908630
201102071
201105675
201021581
200908515
200800837
200916195
201021409
200825255
200918027
200802965
201007234
200220481
200600963
200803740
200914646
200815801

200815215
200915312
200835866
200908655
201156114
200914539
200716728
200726230
200538486
200916740
200829109
201005410
200804664
200731057
200719607
201016169
201021771
201002425
200719581
200900082
200908499
200836369
200414803
200908259
200812121
200734069
200708980

201022977
200722312
201106546
201117358
200311223
200819753
200802585
200705044
200715605
200916120
201108261
200915825
200734762
201119494
201022274
201008398
201023934
201149879
200908234
200730158
200811974
201021250
200818557
201008448
201003480
200818433
201023157

200801710
200804110
201115711
200908762
200223402
201001229
201101316
200908853
201106243
200815686
200832046
201022092
200912657
200920049
201014693
200813111
200209765
201145000
200914950
201103394
200400794
201101619
200831337
200735900
200915064
201012572
201009347

200701647
201006137
200818318
200828002
200702538
200918290
201118317
201116221
200722262
200914042
200736478
200913028
200831816
201001674
200815348
200732873
200915114
201021102
200809804
200702439
200815405
200719805
200909158
200410223
201021359
200829760
200829091

200625408
201000692
200915601
201128483
200100535
201144257
200302859
200716843
200905305
200605608
200827194
200814242
201164565
200911246
200611630
200613842
200800712
200724169
200806131
200628436
200835957
200734366
201116504
200911469
201003746
201023827
200913622

200800985
201021912
200501518
201002722
200916260
200823912
200908788
200835676
200627297
201025459
200710002
200912574
201143885
200307163
200919074
200808608
200635894
200800605
201134475
200909059
200812485
200912061
201018066
200820843
200807568
201015104
201022530

200607026
200806545
200421865
200913531
200828481
201001120
200900546
200514446
200714723
201001062
200913739
200820991
200803864
201000221
201103422
201050358
201131498
200828283
200726214
200620730
200818045
200117950
200911766
200733483
201008539
200315695
201139176

200711802
200840387
201022548
200911584
201023330
200720209
200911337
200532950
201021698
200804045
201001526
200728798
201000577
200520708
201003084
200617918
201152432
201022449
200824753
201021839
200715704
200820371
200804805
200729010
201161215
200912996
200908432

201170312
201004801
200714459
200912624
200913630
200611176
200908614
200922151
200530897
200908648
200525111
200914398
200909422
200836351
200823797
200732303
200822468
201015302
201163536
200716025
200908796
200808756
200849388
200617439
200806156
200830172
200829745

200703908
201164525
201016284
201022639
201001922
201109837
200506012
201006657
201118984
200920031
200738078
201006004
201154783
200914919
200825297
201123046
200532752
201002300
200909612
200528313
201017258
200512648
200808640
200800696
200726370
201022100
200908697

200809218
200528578
200909562
200411262
200908275
200814093
201108504
199302407
200730091
200809705
200815819
200727964
200831626
200509966
200818615
200817401
200700094
200714103
200818748
201007036
200710762
200603942
200634400
200820587
200912418
200620870
200805174

201107633
200950103
200830040
200919819
200915072
201002730
200400810
201021144
200620888
200914257
200836286
200802775
200820140
200909620
200717387
200702983
201021821
200813384
200820769
200900405
201021664
200106003
200833077
200834422
200917862
200719656
200913580

200724326
200831832
200918316
201022084
201124055
201171742
200719839
200104529
201002409
200822583
201001690
200535813
201015153
201118738
200911832
200809242
200511459
200914521
200613206
200727824
200917151
200918399
201165133
201153157
200811552
201002110
200913564

200708071
200804953
200807352
201000346
201112265
200800845
201022464
200810018
201152843
201129971
200909356
201021557
201024460
200521276
201007085
200729481
201108574
200808590
201015229
200837342
200714665
201120079
201005345
200913184
201000668
201016078
200224004

200811776
200803914
200806990
200726222
200731453
201004892
200812543
201113989
201002839
200915932
201001336
200721207
200800860
200721009
200725760
200836906
201171752
201159327
200808053
200816387
200909851
200837946
201104832
200911345
200847978
201000809
200917300

200808582
201014792
200725620
200722817
200813079
201114978
200809721
200821841
200802981
201007556
201104990
200911717
200833176
200531861
200715555
200909521
200828853
200833689
200717379
201022837
201142151
201116163
201024601
200917011
200819167
200103406
201024494

200806982
200806636
200809929
200837359
200728483
200807402
200847242
200634608
200733905
200719722
200730125
200804920
200737922
200719235
200825073
200913952
200625002
200828366
201001781
201022605
200534345
200807295
200727857
200916328
200919264
201016003
201014743

200319218
200911485
200809101
200908721
200820561
200915437
200411296
200537215
200319226
200807576
201015161
200803823
200727048
200726305
201025079
201142562
201103168
200915742
201022126
200709525
200735967
200808293
201025517
200911543
200919413
200611242
200307221

200813905
201021003
200617793
201001328
200523645
200624096
200732154
201005014
200813582
200819035
200610350
200510022
200832715
200704211
200705994
200728533
200713642
201023850
201050267
201007952
201128375
200816882
200630531
201118600
200805950
201015732
201134043

201021573
201112822
201015633
201103931
201122263
200727352
200635746
200915767
201137981
201000718
200909372
200114981
200805844
200917730
201113949
201138147
200919660
201024593
200818185
200702256
200722700
200913101
201015203
200817427
200725927
200917904
201006921

200826386
200731750
201025491
200802353
200804326
200828333
200835361
201165916
200911857
200916237
201021334
200919793
201015195
200950368
200725281
200912749
200950236
201021540
200634145
200534014
200728855
201102199
200917342
200729929
200717460
200405157
200516904

201024551
200605004
201007903
200834992
201128894
200628238
201005352
201118337
200727642
200521144
201021599
200631646
200831774
200600138
201123711
200816015
200718021
201157193
200850139
200828416
200810851
201014594
201000767
200732246
200731263
200732402
200412971

200715183
200809663
200806974
200727410
200815538
200709749
201116740
200629053
200800274
201116682
200915478
200900769
200915221
200830867
200522571
200408037
200636363
201022167
200612281
201015278
200804797
200706711
200632057
200704815
201149731
200711497
200816841

200424398
200728806
200609204
200905966
200735397
200900124
200827269
200811263
201023314
200911667
201016854
200819258
200629095
201003654
200722015
200518512
200820504
200217131
200607109
200733400
200912731
200721538
200828390
200908812
201008224
200714855
201105392

200805828
201148499
201002581
200630234
200830453
200802247
201008141
200913085
201140123
200734093
200909026
200701985
201005246
200903839
201159650
200809382
201014891
200811560
200827558
200518074
201001773
201100610
200950095
201107418
201021276
201154410
201002532

200705499
200920171
201015294
200711950
200710176
200827947
201123144
200804813
200817476
200806479
200707032
201024767
200914158
201118886
201000304
200405199
200826790
200905321
200611697
201001971
200805794
201130135
200909257
201003225
201108065
201001039
201021185

200516631
200820256
200911535
201003027
200828242
200805042
200915205
200702066
200912764
200810547
201002292
200916112
201024759
201020682
200717767
200909596
200913416
200221869
200727568
200703353
201125779
200636165
201122429
200633220
200520450
200704575
201148596

201014958
200912681
200522852
200819688
201000791
201015740
201022845
200817328
200511947
200803260
201004140
200725786
200918233
200600880
200913572
200701977
200807865
200000453
200914497
201021862
200950384
200726297
200804201
200615383
200803393
200817534
199506569

200730018
200319325
200821833
200803906
200732642
200702157
201132898
200828374
201002003
200908580
200836872
200811313
200626067
200801413
200701167
201022688
200732980
200711596
200809713
200801868
201172004
200630515
200811370
200910768
201024080
200909448
201109583

201017852
200809192
200918696
200821015
200224350
200909075
200921591
201103951
200226462
200913036
200847689
200703676
200718740
201106918
201007895
201147264
201001682
200702280
201021201
200514081
200832129
201122105
200713261
200727972
200911931
200918225
200517522

200914505
200700151
200911782
200703023
200813467
200719144
200914356
201015088
200722726
200222800
200700284
200701258
199720863
200750297
200621852
200601540
200807105
200729556
201128776
200423291
200916104
201021037
200420461
201007796
200704625
200810729
200407401

200835114
200914976
201002029
201138872
201014651
200831394
200802262
200828317
198600223
200810158
201003183
200914695
200829661
200718450
200805497
200810695
200017176
200729192
200909984
200710226
200833572
200702850
200508281
200908713
200635738
200831964
200719797

200826006
200705010
200623031
200628782
200318178
200804375
200726073
200822211
200729259
200520211
200809465
201005592
200815181
200602399
200809523
200602365
199812751
200919553
200834950
200118032
200627891
200624955
200908689
200636488
200620169
200709194
200848356

200830487
200835601
200815785
200611598
200827723
200622843
200829562
200801918
200914422
200909380
200730398
200912350
200815447
201112343
200626216
201135501
201014859
200911253
200521862
200801801
201021854
201133759
200920262
200831469
200812766
201022316
200833879

201154625
200912608
200801793
200908945
201023900
201005733
201116672
200909398
200718781
200511053
200307288
200819563
200617611
201108612
200823276
200833150
200532083
200730166
200908358
201140075
200711331
201127120
200826717
200701639
200818110
200508653
201005105

200413029
200909471
200912251
201142914
200505808
200409910
201107879
200808012
200808509
201115575
200701605
201004231
200914851
200724847
200830578
200732394
200705457
200911170
200300606
201024742
201022290
200801637
200849321
200513232
201023041
200423325
200617959

200735017
201016995
201016359
201141867
199921560
200415040
201022043
200728400
200714863
200709152
201021714
200603454
200915098
201021300
200210748
200521987
200812824
200624989
200911642
199911009
201016862
200802684
200800167
200701134
201001211
201016888
201023025

200910255
200805109
201119953
201021615
200802205
200824795
200802189
200731040
200900223
200833093
200826394
200910271
200505469
200910180
200828275
200527190
201002599
200733970
201024411
200820595
200914083
200950210
200801355
201115174
200912285
200820009
200715506

200910057
201023520
200836161
200819472
200912806
200307304
200402212
201127855
200715662
201001021
201017175
200533545
200109098
201171956
200822781
201008042
201171506
201003126
200729564
200534923
200835411
201016649
200914463
201001955
201117837
200421212
200521854

200915361
200920254
201102149
201024007
200822203
200618742
201022282
200915676
200809739
201000924
200821130
201001377
201024288
200710879
200916989
201016789
200717197
200912798
200631091
200726313
200808483
200404226
200820553
200810935
201132632
201116692
200614584

201025475
200916419
200632743
200900116
200820421
200118040
200517704
200913226
201005329
200911162
200521417
200914240
201021011
201102305
201006210
200313286
201109965
200708519
200910347
200812378
201141503
200825172
200800704
201025400
201131595
200832038
200909893

201100455
200814978
200423804
201103823
200711844
200812204
200727212
200503589
200912830
200524106
201106800
200828143
200613941
200807238
200620284
201005824
200812055
200950277
201151149
201102179
200819456
201109749
200622603
200619617
201003498
200609832
200511335

200823508
201120107
200912319
200818888
201112431
200913549
201154214
201140888
200513604
200806396
201017332
200715241
200910867
200801470
201129697
201009065
200910206
200710473
200910222
200826048
200708683
200709376
200521771
200919587
201007044
200801264
200607224

200631489
200834430
200911808
200811222
200714624
201016425
201134600
200912079
200200830
201016672
201112832
201005857
201021961
200719300
201005790
201107212
200909919
200804979
200918019
200800530
200605814
200829877
200810042
200733673
200806008
200539658
200910313

200816742
200716181
200525905
200830222
201005618
200913051
200914489
201115701
200622132
201013968
201106203
200709418
200906154
200632602
200615029
200629996
200707016
201020997
200705127
200730349
201113116
200507275
200729358
200910305
200808921
200800027
201007390

201008364
200834034
200423358
201005725
200416345
200913796
200914471
200607166
201000163
200725638
200726131
200702512
200835262
200808244
200711059
200736759
201024775
200914455
201141621
200815900
201008166
200902559
200710275
200914661
200622967
201024437
200219756

201137402
200738110
201005519
200847234
200836898
201120285
200918787
200701290
200917540
200607711
200511210
200910552
201021318
200917714
201016458
200824340
200520971
200703890
200911980
200631729
200801512
201023942
200814820
200827566
201050382
200910503
200809077

201006194
200519569
200715498
200912871
201001880
200815736
200913762
200726255
201022217
201004629
201005675
200917888
200412351
201017274
200724128
200507085
201104852
200709848
199820416
201016623
200633527
200909927
200800746
201001260
201133338
201006665
201003696

200423820
200709996
199607862
200913192
200917607
201002896
200812857
201100984
200503654
200705077
201016730
200828309
200607240
201021896
200502821
200825586
200600682
201001732
200224764
200807659
201121685
200836179
200734259
200821395
200911428
200524247
200802437

200919983
200804151
200823342
200733434
200915239
200816932
201008091
200734705
200800191
200901932
199726886
200915056
200631984
201002318
200821148
200806370
200736569
200919504
200423374
201003829
200229441
200829604
200801439
200832012
201022514
200300853
201017126

200812733
201016839
200921518
201104177
200809200
201021177
201122067
200833846
200911709
200736510
200815298
200602928
200732477
201012267
200813319
201021979
200505089
201102453
200916591
200914901
201007937
200821643
200906998
200701571
201164781
200812501
201016565

200123321
200721215
200705234
201023686
200837318
200020030
200733657
201008240
201021136
201016763
200822609
200712511
200707511
201022068
200914315
200813996
200909885
200919371
200815454
201016524
200720878
200831485
200521425
200913705
200609915
200319549
200531242

201121440
201000940
200221893
200724870
200715720
200629947
200622066
200809986
200801215
200917177
200700078
200827855
200911394
200913283
200502581
200912921
200915452
200613370
200812147
200810109
200810950
200528438
200819183
201017118
201012218
201024973
200802601

200803708
200726859
200914844
201103921
200410264
200225993
201003175
200515567
200807899
200920320
200828028
200722296
201022555
200832350
200619179
200735140
200700938
200910024
200603298
200731974
201004520
201141486
201005444
201005477
200809788
200911238
200915502

200816437
200815355
200906303
200832780
200918332
201144618
201015336
200804649
200417434
200712479
200910438
200722247
200735066
200916922
200809440
200916476
200818094
201024981
200810901
200707438
200610343
200812626
201122880
200810570
200912582
200918381
200815553

200910610
201162234
200818243
200817013
200801587
200910198
200833499
200834588
200726842
201001831
200917961
201008034
200730232
200624674
200813376
200830651
200909901
200725950
200918324
200914281
200818193
200911998
200825305
201103971
200914828
200828846
200814853

200814903
200810489
200834927
200813681
200715803
201025103
200210789
200727782
200610566
201007515
200821668
200622439
200832202
201102716
200910750
200916575
201001070
201000890
201000262
200731396
200801959
201021086
201005600
200810067
200805448
200913770
200706687

200510436
200835437
200821155
200800258
201142425
200408094
201022381
201005303
200908036
200825115
201023645
200832731
201002193
201024700
200950293

